ID	LSS:He	LSS:Dj	LSS:WCst	WSS:He	WSS:Dj	WSS:WCst	WSS:S	WSS:thetaW	WSS:D	WSS:Da	WSS:ZZ	GSS:He	GSS:Dj	GSS:WCst	GSS:He	GSS:Dj	GSS:WCst	GSS:S	GSS:thetaW	GSS:D	GSS:Da	GSS:ZZ
chr1:4	0.0	0.0	NA	0.299145299145	0.440476190476	0.824561403509	2	0.470196253263	1.71569152563	0.412280701754	NA	0.350607287449	0.359889666695	0.631250683882	0.350607287449	0.359889666695	0.631250683882	15	3.52647189947	2.8338002873	0.319612188366	NA
chr1:7