ID	LSS:He	LSS:Dj	LSS:WCst	WSS:He	WSS:Dj	WSS:WCst	WSS:S	WSS:thetaW	WSS:D	WSS:Da	WSS:ZZ	GSS:He	GSS:Dj	GSS:WCst	GSS:He	GSS:Dj	GSS:WCst	GSS:S	GSS:thetaW	GSS:D	GSS:Da	GSS:ZZ
chr1:1	0.384615384615	0.321428571429	0.473684210526	0.384615384615	0.321428571429	0.473684210526	2	0.470196253263	1.20085060437	0.236842105263	NA	0.350607287449	0.359889666695	0.631250683882	0.350607287449	0.359889666695	0.631250683882	15	3.52647189947	2.8338002873	0.319612188366	NA
chr2:7