ID	LSS:He	LSS:Dj	LSS:WCst	LSSp:He:pop1	LSSp:He:pop2	LSSp:Dj:pop1	LSSp:Dj:pop2	WSS:He	WSS:Dj	WSS:WCst	WSS:S	WSS:thetaW	WSS:Pi	WSS:D	WSS:Da	WSS:ZZ	WSS:ZnS	WSSp:He:pop1	WSSp:He:pop2	WSSp:Dj:pop1	WSSp:Dj:pop2	WSSp:S:pop1	WSSp:S:pop2	WSSp:thetaW:pop1	WSSp:thetaW:pop2	WSSp:Pi:pop1	WSSp:Pi:pop2	WSSp:D:pop1	WSSp:D:pop2	WSSp:ZZ:pop1	WSSp:ZZ:pop2	WSSp:ZnS:pop1	WSSp:ZnS:pop2	GSS:He	GSS:Dj	GSS:WCst	GSS:S	GSS:thetaW	GSS:Pi	GSS:D	GSS:Da	GSSp:He:pop1	GSSp:He:pop2	GSSp:S:pop1	GSSp:S:pop2	GSSp:thetaW:pop1	GSSp:thetaW:pop2	GSSp:Pi:pop1	GSSp:Pi:pop2	GSSp:D:pop1	GSSp:D:pop2	GSSp:Da:pop1	GSSp:Da:pop2	SFS:1	SFS:2	SFS:3	SFS:4	SFS:5	SFS:6	SFS:7	SFS:8	SFS:9	SFS:10
chr1:1709	0.005	-1.3947525435e-16	2.16840434497e-18	0.01	0.0	NA	NA	0.005	-1.3947525435e-16	2.16840434497e-18	1	0.152266571098	0.005	-0.882852041238	5.29090660173e-17	NA	NA	0.01	0.0	NA	NA	1	0	0.170269833214	0.0	0.01	0.0	-0.952113104934	NA	NA	NA	NA	NA	0.138942144551	0.00101131762649	0.00468679976981	13875	2112.69867398	1927.82225564	-0.270704774217	0.000652719760974	0.138476247906	0.138753685545	11612	11636	1977.17330329	1981.25977928	1921.3579397	1925.20738693	-0.091311778516	-0.0915104871671	NA	NA	8218	1460	917	713	543	408	441	405	378	392
chr1:4886	0.230463659148	9.46815109864e-05	0.000316114193527	0.204572864322	0.256281407035	NA	NA	0.230463659148	9.46815109864e-05	0.000316114193527	1	0.152266571098	0.230463659148	0.468785674098	7.28643216081e-05	NA	NA	0.204572864322	0.256281407035	NA	NA	1	1	0.170269833214	0.170269833214	0.204572864322	0.256281407035	0.203783611682	0.510967940555	NA	NA	NA	NA	0.138942144551	0.00101131762649	0.00468679976981	13875	2112.69867398	1927.82225564	-0.270704774217	0.000652719760974	0.138476247906	0.138753685545	11612	11636	1977.17330329	1981.25977928	1921.3579397	1925.20738693	-0.091311778516	-0.0915104871671	NA	NA	8218	1460	917	713	543	408	441	405	378	392
chr1:9310	0.0488721804511	0.000164034021871	0.00318754138414	0.0678894472362	0.0296984924623	NA	NA	0.0488721804511	0.000164034021871	0.00318754138414	1	0.152266571098	0.0488721804511	-0.619841612081	0.000156030150754	NA	NA	0.0678894472362	0.0296984924623	NA	NA	1	1	0.170269833214	0.170269833214	0.0678894472362	0.0296984924623	-0.608209949577	-0.835090503458	NA	NA	NA	NA	0.138942144551	0.00101131762649	0.00468679976981	13875	2112.69867398	1927.82225564	-0.270704774217	0.000652719760974	0.138476247906	0.138753685545	11612	11636	1977.17330329	1981.25977928	1921.3579397	1925.20738693	-0.091311778516	-0.0915104871671	NA	NA	8218	1460	917	713	543	408	441	405	378	392
chr1:16551	0.121854636591	0.00113039748356	0.00811782656642	0.0863819095477	0.156331658291	NA	NA	0.121854636591	0.00113039748356	0.00811782656642	1	0.152266571098	0.121854636591	-0.182317264921	0.000993216080402	NA	NA	0.0863819095477	0.156331658291	NA	NA	1	1	0.170269833214	0.170269833214	0.0863819095477	0.156331658291	-0.498351997171	-0.0828023511155	NA	NA	NA	NA	0.138942144551	0.00101131762649	0.00468679976981	13875	2112.69867398	1927.82225564	-0.270704774217	0.000652719760974	0.138476247906	0.138753685545	11612	11636	1977.17330329	1981.25977928	1921.3579397	1925.20738693	-0.091311778516	-0.0915104871671	NA	NA	8218	1460	917	713	543	408	441	405	378	392
chr1:21147	0.005	-1.3947525435e-16	2.16840434497e-18	0.01	0.0	NA	NA	0.005	-1.3947525435e-16	2.16840434497e-18	1	0.152266571098	0.005	-0.882852041238	5.29090660173e-17	NA	NA	0.01	0.0	NA	NA	1	0	0.170269833214	0.0	0.01	0.0	-0.952113104934	NA	NA	NA	NA	NA	0.138942144551	0.00101131762649	0.00468679976981	13875	2112.69867398	1927.82225564	-0.270704774217	0.000652719760974	0.138476247906	0.138753685545	11612	11636	1977.17330329	1981.25977928	1921.3579397	1925.20738693	-0.091311778516	-0.0915104871671	NA	NA	8218	1460	917	713	543	408	441	405	378	392